"","L","T","W","win_perc"
"AL",517,72,367,0.578451882845188
"AR",241,40,232,0.508771929824561
"AZ",186,47,148,0.549868766404199
"CA",1561,300,798,0.643474990597969
"CO",331,59,208,0.602842809364548
"CT",409,94,212,0.637762237762238
"DC",222,39,150,0.587591240875912
"DE",60,17,63,0.489285714285714
"FL",742,102,335,0.672603901611535
"GA",265,56,189,0.574509803921569
"HI",50,12,49,0.504504504504504
"IA",177,35,166,0.514550264550265
"ID",128,41,111,0.530357142857143
"IL",489,98,376,0.558670820353063
"IN",619,123,374,0.609767025089606
"KS",69,5,52,0.567460317460317
"KY",388,75,226,0.617561683599419
"LA",459,99,453,0.502967359050445
"MA",421,79,220,0.639583333333333
"MD",313,77,256,0.544117647058823
"ME",45,13,23,0.635802469135803
"MI",424,104,213,0.642375168690958
"MN",73,14,30,0.683760683760684
"MO",285,70,140,0.646464646464647
"MS",267,72,265,0.501655629139073
"MT",38,16,31,0.541176470588235
"NC",969,191,594,0.606898517673888
"ND",58,7,50,0.534782608695652
"NE",152,36,96,0.598591549295775
"NH",96,24,62,0.593406593406593
"NJ",421,75,298,0.577455919395466
"NM",82,19,64,0.554545454545455
"NV",107,20,82,0.559808612440191
"NY",1069,231,773,0.571394114809455
"OH",735,137,511,0.580983369486623
"OK",266,48,137,0.643015521064302
"OR",247,50,154,0.60310421286031
"PA",810,165,506,0.602633355840648
"RI",193,40,159,0.543367346938776
"SC",588,111,498,0.537593984962406
"SD",74,17,46,0.602189781021898
"TN",581,123,426,0.56858407079646
"TX",1151,181,632,0.632128309572301
"UT",338,73,168,0.646804835924007
"VA",786,108,397,0.650658404337723
"VT",37,17,45,0.45959595959596
"WA",241,44,169,0.579295154185022
"WI",283,53,113,0.689309576837416
"WV",160,31,52,0.722222222222222
"WY",55,13,40,0.569444444444444
